~
F
40;160
40;200
40;240
40;280
40;320
40;360
40;400
40;440
40;480
40;520
40;560
80;160
80;200
80;240
80;280
80;320
80;360
80;400
80;440
80;480
80;520
80;560
120;160
120;200
120;240
120;280
120;320
120;360
120;400
120;440
120;480
120;520
120;560
160;160
160;200
160;240
160;280
160;320
160;360
160;400
160;440
160;480
160;520
160;560
200;160
200;200
200;240
200;280
200;320
200;360
200;400
200;440
200;480
200;520
200;560
240;160
240;200
240;240
240;280
240;320
240;360
240;400
240;440
240;480
240;520
240;560
280;160
280;200
280;240
280;280
280;320
280;360
280;400
280;440
280;480
280;520
280;560
320;160
320;200
320;240
320;280
320;320
320;360
320;400
320;440
320;480
320;520
320;560
360;160
360;200
360;240
360;280
360;320
360;360
360;400
360;440
360;480
360;520
360;560
400;160
400;200
400;240
400;280
400;320
400;360
400;400
400;440
400;480
400;520
400;560
440;160
440;200
440;240
440;280
440;320
440;360
440;400
440;440
440;480
440;520
440;560
480;160
480;200
480;240
480;280
480;320
480;360
480;400
480;440
480;480
480;520
480;560
520;160
520;200
520;240
520;280
520;320
520;360
520;400
520;440
520;480
520;520
520;560
560;160
560;200
560;240
560;280
560;320
560;360
560;400
560;440
560;480
560;520
560;560
600;160
600;200
600;240
600;280
600;320
600;360
600;400
600;440
600;480
600;520
600;560
640;160
640;200
640;240
640;280
640;320
640;360
640;400
640;440
640;480
640;520
640;560
680;160
680;200
680;240
680;280
680;320
680;360
680;400
680;440
680;480
680;520
680;560
720;160
720;200
720;240
720;280
720;320
720;360
720;400
720;440
720;480
720;520
720;560
760;160
760;200
760;240
760;280
760;320
760;360
760;400
760;440
760;480
760;520
760;560
~
B
0;120
0;160
0;200
0;240
0;280
0;320
0;360
0;400
0;440
0;480
0;520
0;560
0;600
40;120
40;600
80;120
80;600
120;120
120;600
160;120
160;600
200;120
200;600
240;120
240;600
280;120
280;600
320;120
320;600
360;120
360;600
400;120
400;600
440;120
440;600
480;120
480;600
520;120
520;600
560;120
560;600
600;120
600;600
640;120
640;600
680;120
680;600
720;120
720;600
760;120
760;600
800;120
800;160
800;200
800;240
800;280
800;320
800;360
800;400
800;440
800;480
800;520
800;560
800;600
40;40
280;440
320;480
360;480
360;520
400;520
440;520
480;520
520;520
520;480
560;480
560;440
360;240
360;280
480;240
480;280
480;320
360;320
~
C
120;40
~
S
200;40
