blocks
0;3
0;4
0;5
0;6
0;7
0;8
0;9
0;10
0;11
0;12
0;13
0;14
0;15
1;3
1;15
2;3
2;15
3;3
3;15
4;3
4;15
5;3
5;15
6;3
6;15
7;3
7;15
8;3
8;15
9;3
9;15
10;3
10;15
11;3
11;15
12;3
12;15
13;3
13;15
14;3
14;15
15;3
15;15
16;3
16;15
17;3
17;15
18;3
18;15
19;3
19;15
20;3
20;4
20;5
20;6
20;7
20;8
20;9
20;10
20;11
20;12
20;13
20;14
20;15
2;5
2;7
2;9
2;11
2;13
4;13
4;11
6;11
6;13
8;13
8;11
10;11
10;13
12;13
12;11
14;11
14;13
16;13
18;13
18;11
16;11
16;9
18;9
18;7
16;7
16;5
18;5
14;5
12;5
10;5
8;5
6;5
4;5
4;7
4;9
6;9
6;7
8;7
8;9
10;9
10;7
12;7
12;9
14;9
14;7
boxes
2;8
3;8
4;8
5;8
6;8
7;8
8;8
9;8
10;8
11;8
12;8
13;8
14;8
15;8
16;8
17;8
18;8
19;9
18;10
17;10
16;10
15;10
14;10
13;10
12;10
11;10
10;10
9;10
8;10
7;10
6;10
5;10
4;10
3;10
2;10
1;9
9;7
9;6
9;5
9;4
10;4
11;4
11;5
11;6
11;7
10;6
8;4
7;5
7;6
8;6
12;4
13;5
13;6
12;6
13;7
14;6
15;7
15;9
17;9
13;9
11;9
9;9
7;9
7;7
6;6
5;6
4;6
3;7
5;5
6;4
7;4
5;7
5;9
3;9
3;11
4;12
5;12
5;13
6;12
7;12
7;13
7;14
6;14
5;11
7;11
8;12
9;12
9;11
9;13
9;14
8;14
10;14
11;14
11;13
11;12
10;12
11;11
12;12
12;14
13;13
17;11
16;12
15;13
14;14
13;14
13;12
14;12
15;12
15;11
13;11
17;7
16;6
15;6
15;5
14;4
13;4
spikes
bombs
flames
bonus
2;8;1
5;8;1
8;8;0
8;10;2
5;10;0
9;5;2
10;4;2
7;6;2
14;6;1
15;9;2
17;9;0
4;6;2
3;9;1
3;11;2
4;12;0
6;12;1
7;12;1
7;14;2
9;13;2
8;14;0
11;11;2
13;14;1
13;12;2
13;4;0
players
40;160;0;1;0;1;0;2.000000
760;160;0;1;0;1;0;2.000000
