b
2;5
2;7
2;9
2;11
2;13
4;13
4;11
6;11
6;13
8;13
8;11
10;11
10;13
12;13
12;11
14;11
14;13
16;13
16;11
16;9
18;9
18;7
16;7
16;5
18;5
14;5
12;5
10;5
8;5
6;5
4;5
4;7
4;9
6;9
6;7
8;7
8;9
10;9
10;7
12;7
12;9
14;9
14;7
3;5
1;7
4;6
4;8
3;9
3;13
4;10
1;11
4;12
19;7
17;5
17;13
6;14
5;11
7;11
15;11
8;12
14;4
16;6
5;7
7;7
8;6
15;7
13;7
12;6
18;13
16;12
18;11
19;11
16;8
16;10
17;9
13;11
14;14
12;12
6;4
c
9;8
9;9
9;10
10;10
11;10
10;8
11;8
11;9
5;9
6;10
7;9
6;8
13;9
14;10
15;9
14;8
9;4
10;4
11;4
9;14
10;14
11;14
5;13
6;12
14;12
15;13
14;6
15;5
6;6
7;5
2;8
1;9
2;10
18;10
19;9
18;8
s
